
 * INITIAL RUN, AT 01:02:21 ON 16-OCT-25 *

 LEV= 3 ITS= 500 MACH NO= 0.33000 ALPHA=  0.00000 DEG L= 12 M= 20 N=  42 YTIP=  3.780040 YTIP CHORD=  0.374560 YCUTOFF=  3.780040

 LEV= 2 ITS=2000 MACH NO= 0.33000 ALPHA=  0.00000 DEG L= 12 M= 20 N=  82 YTIP=  3.780040 YTIP CHORD=  0.374560 YCUTOFF=  3.780040

 LEV= 1 ITS=5500 MACH NO= 0.33000 ALPHA=  0.00000 DEG L= 22 M= 38 N= 162 YTIP=  3.780040 YTIP CHORD=  0.374560 YCUTOFF=  3.780040
